13.jpg 1 238 213 17 32
14.jpg 1 219 205 19 37
16.jpg 3 131 200 19 36 220 369 20 37 302 160 28 29
17.jpg 1 177 247 16 27
18.jpg 2 248 242 28 36 325 189 24 45
19.jpg 1 236 220 20 37
2.jpg 2 296 225 20 32 241 313 19 29
20.jpg 1 213 243 28 43
21.jpg 1 199 225 23 40
22.jpg 3 197 266 23 40 259 120 34 38 317 299 21 47
23.jpg 4 295 24 35 35 240 163 20 34 350 186 16 44 296 395 18 47
24.jpg 1 276 220 25 35
26.jpg 1 278 240 15 29
27.jpg 2 89 219 21 29 149 245 16 28
3.jpg 2 282 280 16 33 202 225 14 35
31.jpg 1 220 232 21 47
34.jpg 2 195 255 23 38 385 198 16 43
35.jpg 1 347 138 38 47
36.jpg 2 322 222 17 40 167 141 18 44
4.jpg 2 134 193 17 29 277 298 12 26
5.jpg 1 226 267 25 28
6.jpg 2 243 310 14 24 244 156 12 24
7.jpg 4 198 117 15 23 157 113 19 25 158 256 14 26 283 367 11 34
8.jpg 2 283 213 19 39 214 255 23 36
