1.jpg 2 170 143 16 39 319 223 17 41
10.jpg 1 363 264 42 44
11.jpg 2 207 205 22 45 367 223 26 43
12.jpg 4 199 119 11 20 160 115 12 22 158 262 15 17 282 372 12 25
13.jpg 2 199 225 21 43 316 259 22 44
14.jpg 2 92 221 18 28 150 242 14 32
15.jpg 3 221 241 21 42 241 252 23 46 387 241 21 50
16.jpg 2 136 196 15 26 277 299 11 28
17.jpg 1 371 343 19 34
18.jpg 1 244 197 30 53
19.jpg 3 328 119 42 36 218 191 24 36 183 265 25 42
2.jpg 4 167 193 20 35 197 340 21 38 290 255 23 37 341 262 21 36
20.jpg 2 273 247 20 40 321 257 24 38
21.jpg 3 258 122 35 37 194 265 27 39 315 301 21 43
22.jpg 3 246 306 12 29 243 154 13 23 381 434 10 27
23.jpg 2 299 220 15 38 238 310 19 33
24.jpg 4 161 185 16 21 249 210 17 25 261 229 17 21 358 263 22 24
25.jpg 2 275 211 17 37 292 221 21 40
26.jpg 1 217 244 16 43
27.jpg 3 186 257 19 39 269 215 24 42 304 233 18 43
28.jpg 4 241 162 17 35 296 21 33 37 349 185 16 45 297 395 17 46
29.jpg 1 182 248 34 45
3.jpg 1 235 216 19 30
30.jpg 1 272 207 15 42
31.jpg 2 381 196 18 42 200 258 16 39
32.jpg 4 65 90 26 27 281 244 17 33 374 226 13 38 387 217 17 44
33.jpg 1 294 173 17 42
34.jpg 1 276 220 27 39
36.jpg 1 181 246 12 28
37.jpg 2 209 211 28 35 292 239 17 43
38.jpg 2 280 213 20 37 220 255 16 39
39.jpg 1 279 239 13 31
4.jpg 1 246 250 27 49
40.jpg 3 295 156 35 29 132 198 18 34 223 368 18 35
41.jpg 2 288 89 32 35 371 116 20 35
42.jpg 1 218 237 25 47
43.jpg 1 248 226 25 40
44.jpg 2 326 196 19 36 247 242 26 33
45.jpg 1 231 204 20 39
46.jpg 1 228 268 25 27
47.jpg 1 265 197 51 52
48.jpg 1 217 205 22 36
5.jpg 4 299 72 16 33 412 94 20 30 190 327 26 26 258 347 20 32
6.jpg 2 173 259 19 41 191 269 19 47
7.jpg 1 354 143 30 45
8.jpg 2 281 282 16 30 200 228 16 26
9.jpg 1 236 216 20 41
